 n= 20; m = 14; 
 			
 7	3	17	14	7	26	43	12	5	31	2	21	5	20	33	23	6	28	28	5
 35	40	12	19	32	46	29	9	10	40	30	13	5	32	42	2	29	37	47	15
22	40	46	47	34	44	9	39	24	32	33	38	9	8	37	5	3	29	35	2
13	30	12	6	44	10	29	3	48	34	14	16	14	19	7	10	10	11	38	31
39	3	40	21	21	43	38	10	29	14	16	43	49	19	44	6	1	1	39	23
23	12	1	19	10	21	22	38	17	41	31	31	4	47	37	48	1	8	19	26
37	46	38	44	41	31	33	21	8	14	32	15	24	13	20	41	29	41	27	32
47	2	43	23	26	19	12	32	31	38	27	23	16	19	49	28	31	41	2	13
19	25	17	26	1	2	23	42	36	13	22	2	4	32	48	12	2	17	8	18
3	5	31	38	36	42	15	13	9	34	19	24	30	30	32	31	17	24	4	14
32	49	4	38	39	8	47	9	19	10	9	35	33	3	21	11	27	38	32	29
25	37	37	37	41	5	8	6	19	28	5	18	48	31	17	38	49	16	30	38
20	22	23	31	48	47	39	35	22	23	34	39	37	20	47	47	10	1	35	12
37	46	38	44	41	31	33	21	8	14	32	15	24	13	20	41	29	41	27	32


		