n= 20; 
m=14;
 			
2	1	47	58	82	70	4	47	20	34	18	19	74	19	13	87	41	50	68	47
62	91	15	60	48	69	50	27	54	36	87	16	66	71	13	40	54	9	44	66
39	73	12	41	20	66	61	85	94	50	90	40	32	70	94	88	1	86	65	61
50	63	3	41	10	77	25	91	26	7	83	34	50	57	42	15	33	19	8	87
52	51	29	73	66	57	68	73	21	16	19	42	49	60	59	36	20	46	21	78
36	20	63	68	85	70	50	35	41	16	80	75	59	80	9	11	20	46	86	94
8	10	23	50	33	94	92	50	50	88	66	93	40	90	7	16	14	33	17	52
22	8	68	66	71	61	28	11	90	12	66	1	79	8	43	75	37	25	74	47
57	32	42	3	52	25	53	31	22	17	66	32	83	12	91	34	64	16	68	66
36	25	66	65	23	46	92	7	66	19	44	19	67	66	23	2	82	25	65	24
49	65	59	3	81	22	46	62	9	84	66	17	40	23	89	50	72	37	52	52
77	31	40	3	64	33	92	15	16	14	51	80	77	9	71	29	47	63	91	84
24	45	77	49	79	50	29	26	71	29	30	54	44	72	51	17	10	39	50	20
8	10	23	50	33	94	92	50	50	88	66	93	40	90	7	16	14	33	17	52


 

