

n=20;

m=14;
 			

 			
78	95	32	32	7	62	48	17	96	94	47	33	99	62	93	58	32	41	7	16
47	90	35	58	30	9	24	74	95	27	67	37	25	1	63	75	2	28	25	35
92	37	12	73	56	24	52	76	72	64	83	51	11	9	94	10	50	48	68	2
51	73	91	6	92	50	61	72	9	47	54	6	95	24	23	18	87	98	31	14
37	27	28	1	12	76	69	65	49	41	16	59	16	73	58	46	53	71	82	84
43	20	96	47	50	5	25	45	11	38	16	84	78	29	87	90	72	99	58	97
29	7	76	82	68	12	35	85	32	61	61	50	85	41	16	41	5	44	85	2
59	85	44	75	51	54	4	87	80	68	37	87	35	38	20	75	52	61	79	97
10	57	85	6	59	87	12	90	83	92	63	74	86	22	54	65	55	19	7	35
78	32	10	75	14	53	49	40	19	25	54	5	37	56	18	31	30	2	5	15
71	46	49	89	59	42	13	56	27	13	29	20	30	26	98	12	48	54	93	29
51	3	32	80	9	14	11	46	86	55	2	78	55	68	49	12	56	53	20	63
79	1	84	37	38	99	99	23	27	68	58	32	32	79	17	29	17	90	91	24
29	7	76	82	68	12	35	85	32	61	61	50	85	41	16	41	5	44	85	2
																		


