 
 n = 20 ;  m = 14;

			
7	50	6	63	8	17	31	15	46	13	30	44	52	45	20	61	6	3	33	62
18	57	24	52	7	27	55	28	5	38	56	25	15	4	50	20	3	54	7	25
54	20	42	56	40	63	59	37	41	46	57	14	54	53	15	47	41	35	63	29
64	32	53	4	9	63	6	5	49	40	25	31	17	12	60	23	23	34	11	54
54	6	40	40	22	63	21	58	8	36	57	16	7	4	21	12	47	27	24	36
64	56	30	12	11	17	33	47	39	45	17	35	58	28	7	17	30	26	32	10
22	64	60	23	47	15	29	61	49	28	28	30	6	27	8	49	54	42	40	24
42	8	47	16	29	27	38	7	31	49	17	39	4	29	24	51	56	14	37	4
61	28	54	8	17	10	37	51	64	29	8	29	42	38	63	4	8	41	22	7
14	4	38	58	35	53	30	4	51	4	51	49	3	63	5	26	15	32	15	40
41	43	54	31	58	24	62	23	29	51	33	49	58	42	14	8	13	55	49	22
12	40	42	56	22	20	17	24	56	58	8	2	19	1	41	51	18	21	57	13
15	5	56	48	13	36	35	45	29	62	35	26	33	3	25	27	40	40	50	31
22	64	60	23	47	15	29	61	49	28	28	30	6	27	8	49	54	42	40	24

 



		
