n= 50; m=8; 

31	29	47	2	54	49	9	69	10	40	44	32	66	12	50	33	69	24	73	85	31	81	56	28	67	54	24	34	45	61	13	13	49	61	67	48	20	89	25	42	55	48	59	67	88	51	14	64      54   	2 
54	50	11	32	59	57	24	86	88	52	10	60	25	63	87	75	62	68	26	43	84	19	43	57	58	81	7	8	40	6	29	32	2	72	86	74	29	15	50	66	83	83	65	83	24	86	2	28	11  	32
42	53	16	58	84	26	65	73	70	42	56	50	37	73	62	62	62	29	22	23	71	17	85	82	88	73	76	85	87	52	84	78	79	25	3	25	46	68	51	36	78	54	67	88	67	48	67	52	58 	25
15	2	6	12	4	10	14	6	7	14	12	23	20	14	7	2	9	6	20	22	8	2	8	3	26	24	20	4	12	11	9	11	11	21	17	16	19	11	8	13	13	12	11	19	15	12	9	7	8 	22
16	17	7	9	6	21	18	11	8	26	13	26	18	20	6	3	6	19	5	12	10	24	6	5	12	5	11	6	9	15	3	26	20	9	2	25	13	21	8	25	14	14	23	11	24	17	9	26	5 	17
21	24	12	17	21	2	3	20	24	2	12	1	13	4	14	5	4	24	9	3	5	3	3	7	1	20	10	10	20	24	24	11	2	11	2	12	6	6	24	7	3	9	20	9	13	24	3	15	13 	3
23	6	3	4	13	15	9	20	8	5	3	25	23	2	13	12	8	20	24	2	5	7	17	2	1	20	15	21	4	3	21	8	25	6	7	14	24	22	24	23	19	3	23	19	11	26	12	13	20 	6
42	53	16	58	84	26	65	73	70	42	56	50	37	73	62	62	62	29	22	23	71	17	85	82	88	73	76	85	87	52	84	78	79	25	3	25	46	68	51	36	78	54	67	88	67	48	67	52	58 	25



																			
																			
																			
																			
																			
																			
																			
																			
																			
															
																			
																			
																			
																			
																			
																			
																			
																			
																			
															
