n= 50; m=8; 

18	77	73	91	96	10	58	70	42	21	11	88	91	78	70	53	51	96	27	47	30	37	63	61	73	98      40 	92	49	11	79	78	57	47	91	92	94	33	52	12	37	47	39	4	50	90	58	46	14	84
97	49	33	48	68	36	66	6	54	16	87	35	64	2	98	61	41	65	71	34	35	92	70	65	76	71	81	32	27	 5	49	51	65	17	24	23	17	19	28	70	67	40	81	54	52	38	6	8	31	98
27	98	62	17	35	71	94	58	77	29	61	41	47	2	16	41	59	27	18	33	1	99	3	15	45	82	20	11	90	65	73	71	26	97	50	43	7	78	27	50	70	65	6 	27	66	18	9 	66	82	23
18	77	73	91	96	10	58	70	42	21	11	88	91	78	70	53	51	96	27	47	30	37	63	61	73	8 	5	82	49	11	79	78	57	47	9	92	94	33	52	12	37	47	39	4	50	90	58	46	14	84
97	49	33	48	68	36	66	6	54	16	7	35	64	18	8	61	41	65	71	34	35	92	70	65	76	71	81	32	27	95	49	51	65	17	19	23	17	19	28	70	67	40	81	54	52	38	6	8	31	98
14	17	31	37	85	84	7	54	40	95	97	44	4	46	10	63	76	23	95	73	78	46	40	34	92	42	56	4	63	9 	72	63	62	30	9 	96	53	19	40	14	16	66	54	54	64	86	31	99	10	2
74	29	77	14	30	14	48	1	4	71	54	30	42	43	33	32	12	68	8	82	27	59	20	60	76	44	29	68	24	46	94	79	68	49	85	87	17	99	76	81	52	24	57	8	36	67	57	66	5	69
27	98	62	17	35	71	94	58	77	29	61	41	47	2	16	41	59	27	18	33	1	99	3	15	45	8  	20	11	90	65	73	71	26	97	50	43	7	78	27	50	70	65	 6	27	66	18	9 	66	82	23
													
		
														
		
							

																



																			
																			
																			
																			
																			
																			
																			
																			
																			
															
																			
																			
																			
																			
																			
																			
																			
																			
																			
															
