n= 50; m=8; 

							
25	27	69	17	44	77	69	47	61	53	35	33	66	2	25	54	44	58	61	17	53	38	41	65	5	48	14	32	7	39	48	49	59	17	14	43	51	22	76	67	49	9	6	65	53	78	12	71	32	23
24	64	32	20	79	69	47	50	45	24	79	66	58	39	17	45	40	45	69	23	15	29	73	76	39	40	42	69	70	94	67	44	37	31	46	53	43	61	69	62	17	69	51	11	62	42	2	68	1	27
58	79	4	40	75	77	46	12	59	34	78	53	1	68	68	62	32	48	53	37	33	59	26	57	60	67	15	9	9	27	22	1	29	61	53	66	42	46	63	40	14	55	38	44	65	47	58	49	3	11
58	1	61	31	80	44	49	70	49	34	21	56	18	31	75	27	33	73	50	57	74	8	15	58	35	30	57	61	37	52	69	57	73	9	73	49	8	41	46	5	33	80	28	52	64	31	5	67	78	72
72	13	32	73	28	3	11	49	25	69	60	46	16	56	45	57	9	3	47	41	24	17	16	37	33	78	54	18	80	19	46	37	19	4	65	76	33	13	50	7	5	70	9	27	15	55	45	65	53	28
21	26	78	43	59	21	43	77	44	23	66	47	49	9	16	9	58	72	37	54	7	21	78	1	31	10	53	5	18	65	1	17	53	29	29	8	65	30	24	52	21	58	45	64	17	17	13	42	13	28
65	2	73	47	10	69	11	68	56	30	47	9	55	31	73	39	67	10	27	25	25	21	5	42	46	73	32	57	61	53	17	6	18	14	29	32	20	48	72	17	80	27	73	69	60	5	27	20	77	74
58	79	4	40	75	77	46	12	59	34	78	53	1	68	68	62	32	48	53	37	33	59	26	57	60	67	15	9	9	27	22	1	29	61	53	66	42	46	63	40	14	55	38	44	65	47	58	49	3	11
	
		
							

																



																			
																			
																			
																			
																			
																			
																			
																			
																			
															
																			
																			
																			
																			
																			
																			
																			
																			
																			
															
