n= 50; m=8; 

3	21	11	77	57	13	76	11	55	63	11	69	78	33	71	64	25	41	18	61	19	63	17	52	49	54	50	49	73	16	49	69	45	57	70	69	60	54	18	70	6	39	47	77	21	68	60	29	26	62
72	72	42	24	58	9	48	28	14	49	57	58	9	26	53	75	20	5	65	9	4	32	38	25	59	8	41	70	59	26	48	62	6	20	4	12	12	65	58	10	37	67	9	7	47	79	53	25	5	44
40	32	45	26	39	34	41	10	62	28	30	63	32	69	65	19	12	21	24	57	59	17	58	13	45	61	45	63	27	18	70	20	55	66	65	36	61	30	45	20	75	62	31	34	60	22	75	67	8	45
44	63	25	52	73	65	71	63	3	68	30	49	22	2	7	56	73	75	41	75	6	75	73	37	69	5	31	36	57	43	61	69	7	25	5	52	75	10	37	49	12	65	7	30	65	38	77	62	17	80
10	12	42	51	45	66	75	41	61	76	22	65	53	67	25	19	77	79	17	52	73	60	68	51	72	53	22	29	33	31	74	69	39	50	28	57	34	13	54	69	35	22	71	6	29	55	2	13	78	35
1	27	71	58	8	60	5	30	26	73	45	52	74	16	37	38	78	37	46	5	8	26	9	30	43	45	29	15	19	50	42	17	6	22	5	76	9	69	32	69	72	37	58	31	65	25	58	48	28	65
54	73	13	15	57	76	65	33	17	19	16	61	60	36	22	65	32	73	79	65	18	58	8	25	7	48	62	52	21	56	19	61	50	21	45	13	61	77	19	48	69	6	66	41	58	21	59	38	56	17
40	32	45	26	39	34	41	10	62	28	30	63	32	69	65	19	12	21	24	57	59	17	58	13	45	61	45	63	27	18	70	20	55	66	65	36	61	30	45	20	75	62	31	34	60	22	75	67	8	45
																			
																			
																			
																			
																			
																			
																			
																			
																			
															
																			
																			
																			
																			
																			
																			
																			
																			
																			
															
