n= 50; m=8; 

46	52	79	45	97	10	44	24	85	75	66	49	95	61	19	47	84	13	11	19	98	2	85	44	7	73	19	69	12	73	85	23	53	16	88	8	26	42	58	63	7	2	44	38	24	76	85	61	32	90
61	87	51	25	73	93	28	90	94	59	64	2	16	35	53	40	81	26	85	4	4	10	63	96	55	71	66	94	7	15	11	99	37	50	56	69	22	56	67	63	96	74	4	42	40	30	93	36	25	87
79	93	68	75	37	44	34	39	76	62	74	28	78	43	98	83	91	27	6	82	60	44	43	76	99	66	11	35	52	8	40	62	25	24	30	1	73	27	16	91	33	11	99	2	60	90	36	62	15	3
37	53	62	56	28	49	77	70	80	55	46	7	13	32	52	13	5	50	29	41	55	53	54	2	30	13	48	13	79	63	15	62	48	50	55	36	58	6	11	69	16	31	37	79	48	34	67	53	34	73
17	13	75	32	1	15	6	70	2	63	69	40	5	53	59	77	2	40	56	57	25	48	25	39	16	55	30	2	25	47	59	69	72	44	16	27	79	17	58	57	15	53	20	47	17	61	75	43	65	78
41	67	65	53	65	47	8	49	26	35	25	59	18	33	10	38	37	77	46	27	15	76	67	5	27	57	62	73	59	76	12	11	79	69	45	27	43	34	25	78	74	27	70	41	72	25	31	29	17	26
53	24	65	58	63	49	71	21	2	33	2	9	54	54	2	51	35	27	5	41	9	50	45	69	23	53	45	17	63	33	37	45	29	68	69	74	47	62	59	40	9	56	41	70	52	34	15	50	39	78
79	93	68	75	37	44	34	39	76	62	74	28	78	43	98	83	91	27	6	82	60	44	43	76	99	66	11	35	52	8	40	62	25	24	30	1	73	27	16	91	33	11	99	2	60	90	36	62	15	3
																



																			
																			
																			
																			
																			
																			
																			
																			
																			
															
																			
																			
																			
																			
																			
																			
																			
																			
																			
															
