n= 50; m=8; 

51 	24	21	57	69	51	50	51	21	19	63	51	11	6	31	63	36	39	57	47	56	65	19	4	10	12	62	43	49	54	87	29	2	18	75	39	77	69	15	78	68	37	22	41	92	67	24	87	91	31
37	16	42	47	14	14	54	34	12	36	38	51	41	41	34	59	11	57	44	27	59	41	38	25	57	7	66	54	46	49	3	48	44	53	37	82	31	59	78	33	36	3	58	10	18	6	44	62	24	94
57	62	26	21	74	10	29	21	5	62	9	40	1	2	22	1	63	49	19	55	40	58	2	17	8	52	42	46	77	36	8	76	55	57	25	56	3	53	34	43	79	37	69	74	34	25	41	15	27	53
57	62	26	21	74	10	29	21	5	62	9	40	1	2	22	1	63	49	19	55	40	58	2	17	8	52	42	46	77	36	8	76	55	57	25	56	3	53	34	43	79	37	69	74	34	25	41	15	27	53
33	79	17	17	66	43	66	53	2	34	30	15	6	47	69	23	7	75	74	14	56	21	75	2	19	30	4	65	61	3	79	78	17	11	50	18	55	51	77	54	5	3	62	53	17	35	45	53	63	27
73	47	67	56	54	2	44	22	15	71	25	61	29	70	52	51	54	27	43	24	23	65	49	17	19	45	45	61	64	11	36	7	74	58	57	13	64	45	57	17	54	61	37	35	66	79	33	50	72	39
31	10	8	10	78	47	42	21	50	73	25	5	58	11	36	51	78	25	2	22	20	54	38	72	67	59	57	18	71	8	13	45	76	70	77	39	45	41	39	12	59	42	19	45	26	25	34	44	12	41
57	62	26	21	74	10	29	21	5	62	9	40	1	2	22	1	63	49	19	55	40	58	2	17	8	52	42	46	77	36	8	76	55	57	25	56	3	53	34	43	79	37	69	74	34	25	41	15	27	53
														
							

																



																			
																			
																			
																			
																			
																			
																			
																			
																			
															
																			
																			
																			
																			
																			
																			
																			
																			
																			
															
