n= 50; m=8; 

							
39	66	41	46	24	23	68	50	93	22	64	81	94	97	54	82	11	91	23	32	26	22	12	23	34	87	59	62	38	84	62	10	11	93	57	81	10	40	62	49	90	34	11	81	51	21	39	27
95	38	89	59	96	52	70	84	81	71	36	30	13	90	30	66	28	36	38	48	97	56	92	93	81	24	38	39	33	7	75	43	92	44	35	42	96	28	13	67	61	71	20	54	53	75	58	74
39	66	41	46	24	23	68	50	93	22	64	81	94	97	54	82	11	91	23	32	26	22	12	23	34	87	59	2	38	84	62	10	11	93	57	81	10	40	62	49	90	34	11	81	51	21	39	27
68	75	37	44	34	39	76	62	74	28	78	43	98	83	91	27	6	82	60	44	43	76	99	66	11	35	52	8	40	62	25	24	30	1	73	27	16	91	33	11	99	2	60	90	36	62	15	3
38	38	86	67	23	19	97	78	66	67	7	23	67	8	77	71	85	29	49	3	94	76	95	48	4	37	82	57	61	6	97	5	27	95	4	92	46	52	8	11	7	54	72	57	85	22	87	65
99	25	98	55	80	82	33	68	47	74	26	61	95	55	11	42	72	14	8	98	90	36	75	69	26	24	55	98	86	30	92	94	66	47	63	41	41	47	89	28	39	80	47	57	74	38	59	5
75	94	18	41	37	58	56	20	2	39	91	81	33	14	88	22	36	65	79	23	66	5	15	51	2	81	12	40	59	32	16	87	78	41	43	94	1	93	22	93	62	53	30	34	27	30	54	77
39	66	41	46	24	23	68	50	93	22	64	81	94	97	54	82	11	91	23	32	26	22	12	23	34	87	59	2	38	84	62	10	11	93	57	81	10	40	62	49	90	34	11	81	51	21	39	27
						



																



																			
																			
																			
																			
																			
																			
																			
																			
																			
															
																			
																			
																			
																			
																			
																			
																			
																			
																			
															
