n= 50; m=14; 

44	4	24	7	37	5	39	17	5	16	2	17	3	39	35	14	43	20	27	10	18	14	9	7	27	6	22	4	5	9	31	25	38	5	17	14	42	16	8	17	36	17	32	20	28	25	8	41	36	23
34	47	19	18	2	22	41	11	8	29	30	33	39	15	39	22	19	16	20	18	8	29	25	11	36	30	4	26	21	45	41	6	46	44	46	5	6	46	15	31	38	5	24	43	22	5	47	47	27	47
36	13	21	10	33	3	17	35	16	8	14	20	15	23	2	31	26	18	36	18	20	4	22	4	26	10	4	39	27	19	44	16	14	19	38	23	24	42	33	13	46	9	15	4	22	44	22	42	41	33
5	30	5	6	4	33	4	46	8	19	9	39	35	7	4	32	11	21	1	43	5	34	13	41	34	26	28	29	27	39	46	44	45	45	1	1	2	32	38	8	23	35	3	25	13	24	3	8	44	2
14	28	25	43	19	17	32	40	35	2	46	8	32	36	12	16	38	24	16	6	22	16	45	39	11	25	37	28	10	46	16	15	33	22	32	39	41	45	26	7	43	2	2	23	15	44	17	33	43	32
6	44	13	29	40	11	18	45	13	24	11	1	4	32	13	19	28	19	21	47	40	29	47	13	25	24	13	31	11	32	39	22	47	39	18	17	33	42	7	17	47	37	36	40	28	38	35	36	30	2
46	32	30	21	26	29	3	20	4	13	42	27	44	29	9	9	4	9	13	18	31	33	47	32	8	30	23	4	17	5	16	46	30	10	46	21	43	5	16	26	19	40	40	45	32	32	16	5	25	31
4	8	35	37	44	27	42	45	43	1	26	44	14	47	42	10	1	2	11	19	33	35	20	33	2	8	37	47	12	10	13	23	39	33	25	21	12	21	38	33	43	19	41	12	47	35	24	40	24	31
26	26	37	46	15	12	2	13	11	29	5	31	12	17	14	29	18	24	15	24	17	45	30	36	16	46	33	6	18	19	14	21	11	31	6	28	44	12	14	39	45	5	41	36	20	16	42	25	47	41
29	23	12	25	8	29	12	13	33	1	34	46	14	20	9	5	3	1	17	46	29	21	12	38	13	46	35	16	43	1	12	11	16	45	41	38	21	22	32	14	18	17	12	42	11	47	15	16	36	31
2	35	31	29	10	28	26	6	10	5	27	26	37	15	40	37	26	26	19	22	42	35	25	20	46	4	14	5	5	45	46	35	31	39	38	26	15	39	44	22	12	13	29	40	25	45	8	47	6	27
13	2	40	4	21	16	34	27	38	41	27	36	46	34	11	46	25	40	46	39	14	31	46	44	40	7	45	21	40	21	26	17	18	37	3	7	5	14	27	44	22	42	38	21	20	47	36	31	19	32
16	27	41	11	12	37	40	15	15	8	8	26	9	37	35	42	29	29	45	14	31	20	1	9	37	17	44	7	3	40	26	7	27	9	30	26	14	21	44	18	2	46	4	16	10	6	39	39	43	23
46	32	30	21	26	29	3	20	4	13	42	27	44	29	9	9	4	9	13	18	31	33	47	32	8	30	23	4	17	5	16	46	30	10	46	21	43	5	16	26	19	40	40	45	32	32	16	5	25	31
																			
																			
																			
																			
																			
															
																			
																			
																			
																			
																			
																			
																			
																			
																			
															
