n= 50; m=14; 

73	4	20	33	14	31	64	15	53	22	19	13	59	53	72	60	9	32	39	37	60	14	31	20	3	23	68	51	68	32	53	20	8	67	31	64	42	17	24	72	72	60	57	25	31	34	70	25	20	61
63	7	11	9	72	25	25	66	23	52	19	22	57	5	73	72	29	36	72	47	36	36	19	63	47	58	2	68	64	47	68	26	61	48	7	34	14	19	55	20	23	29	15	1	32	61	14	9	13	64
64	40	52	56	11	54	23	47	23	49	41	48	57	15	49	1	30	61	45	7	67	14	2	31	40	25	34	21	53	67	49	9	17	14	65	30	69	1	28	5	41	10	59	58	11	34	53	60	25	61
14	1	57	19	70	49	20	6	63	47	42	10	23	48	45	45	55	20	56	55	34	57	61	37	18	47	23	3	50	40	42	56	2	43	29	14	20	44	58	15	42	61	23	8	43	29	50	7	58	33
71	4	54	56	46	21	45	61	32	15	46	16	69	24	64	47	13	22	2	40	44	6	56	73	34	62	41	11	23	17	28	61	59	69	32	14	59	48	12	27	34	47	47	35	48	35	67	72	33	29
26	20	36	17	61	18	22	63	52	21	72	23	34	40	42	12	36	40	6	9	65	3	34	45	46	56	8	71	39	5	25	39	69	10	31	63	24	27	10	25	53	6	39	11	30	19	9	12	36	57
67	7	20	55	28	31	46	12	34	44	28	9	61	50	38	2	41	21	2	17	7	41	38	72	14	9	21	64	19	68	58	14	58	24	36	24	69	8	71	62	36	70	33	31	24	23	42	63	66	34
55	9	51	22	45	46	5	44	59	37	69	31	13	13	2	38	47	63	36	33	52	9	20	44	14	28	45	31	20	23	50	45	24	13	13	31	32	29	72	20	12	20	69	28	30	70	28	36	73	69
11	33	56	15	41	33	58	33	3	62	69	50	3	64	20	36	3	25	64	2	3	51	9	36	14	37	33	55	37	12	6	67	23	36	24	26	37	19	4	39	13	48	69	72	60	25	9	33	42	64
70	18	49	71	1	28	67	11	17	35	13	17	68	9	28	42	32	51	62	34	52	7	56	55	72	25	16	1	73	9	37	14	72	60	39	1	23	20	56	71	67	41	64	25	9	26	21	58	17	72
32	26	26	37	56	41	59	3	41	66	66	42	10	37	61	36	2	23	45	61	60	16	15	19	16	50	42	24	19	41	31	34	6	16	14	51	67	64	42	34	61	21	4	47	72	28	41	7	51	20
63	22	46	4	43	15	25	60	67	37	52	15	39	60	38	27	69	51	57	39	31	7	18	15	9	33	65	64	59	10	12	23	2	58	12	67	25	25	40	37	45	56	22	57	41	4	10	58	66	1
45	54	69	30	72	57	60	20	64	3	72	14	58	26	25	11	28	28	44	55	20	54	62	61	46	12	67	50	1	29	39	48	39	45	40	18	6	71	20	29	34	12	67	23	32	34	19	34	21	28
67	7	20	55	28	31	46	12	34	44	28	9	61	50	38	2	41	21	2	17	7	41	38	72	14	9	21	64	19	68	58	14	58	24	36	24	69	8	71	62	36	70	33	31	24	23	42	63	66	34
																			
																			
																			
																			
																			
															
																			
																			
																			
																			
																			
																			
																			
																			
																			
															
