n= 50; m=14; 

45	15	36	8	44	20	60	33	35	40	17	29	42	31	44	42	6	59	22	45	20	56	47	56	52	58	30	17	41	27	22	15	2	4	26	33	47	17	40	42	27	42	15	21	49	25	52	22	23	54
15	38	8	41	8	11	43	57	3	14	50	62	17	22	27	2	62	56	6	30	6	12	62	8	28	15	23	2	33	59	21	36	4	50	27	39	29	12	27	26	53	59	35	64	23	20	40	53	31	31
9	39	42	46	49	22	2	47	47	60	35	4	37	59	53	6	56	56	57	26	22	35	42	17	44	52	35	54	27	41	21	8	51	64	56	57	63	62	63	19	60	53	15	12	2	53	45	33	42	60
20	14	56	10	25	40	39	29	54	1	6	44	42	13	4	34	3	13	53	19	2	64	22	45	39	3	16	27	28	44	25	9	55	1	26	24	13	54	58	49	58	36	11	4	49	40	22	26	46	24
38	51	60	22	25	54	18	19	20	19	27	32	17	34	28	36	27	54	6	7	52	22	63	62	22	59	43	57	54	62	49	51	41	54	19	36	62	45	36	42	53	52	42	37	47	58	62	14	47	53
35	27	22	14	54	51	29	11	6	43	47	35	26	59	35	4	24	48	11	4	1	43	2	6	46	36	13	30	45	23	13	50	38	38	35	55	40	44	16	11	18	60	61	6	47	14	35	63	47	15
39	26	33	10	11	25	56	57	2	52	50	34	29	35	36	62	2	2	32	9	51	63	10	27	64	15	20	46	63	34	2	56	2	39	24	40	44	29	7	15	48	60	60	38	4	63	50	50	8	14
36	33	33	16	62	30	41	62	58	35	32	42	34	53	63	54	8	22	48	46	18	46	12	25	13	11	17	55	4	62	45	13	48	44	59	7	8	60	9	22	9	8	18	21	62	55	6	12	18	38
23	13	29	14	14	27	61	59	5	22	22	62	13	56	3	15	45	26	47	58	1	36	5	24	29	27	10	26	36	29	52	20	17	20	57	20	18	56	26	54	24	29	2	63	18	53	33	53	12	48
51	30	8	25	51	6	62	40	19	33	56	2	44	24	36	20	6	22	49	59	29	40	35	12	4	25	62	46	1	44	57	54	9	64	26	20	54	3	37	17	19	54	46	49	27	53	9	44	20	42
27	23	22	52	4	18	37	18	14	5	58	35	47	29	29	60	12	32	9	46	42	38	38	52	62	42	38	64	17	38	13	12	56	7	59	27	61	41	20	29	36	31	20	38	45	6	44	18	60	31
45	13	21	42	56	24	36	2	54	35	60	34	37	24	33	62	64	53	43	30	34	4	5	4	6	49	13	51	47	24	60	7	15	61	59	21	45	56	35	7	37	38	54	46	8	24	9	63	45	9
9	49	45	32	15	32	26	58	56	2	57	48	51	8	24	23	10	56	27	12	58	26	27	28	36	62	29	64	15	56	30	57	43	20	29	63	29	24	51	11	44	26	52	44	32	1	50	60	2	62
39	26	33	10	11	25	56	57	2	52	50	34	29	35	36	62	2	2	32	9	51	63	10	27	64	15	20	46	63	34	2	56	2	39	24	40	44	29	7	15	48	60	60	38	4	63	50	50	8	14

															
																			
																			
																			
																			
																			
																			
																			
																			
																			
															
