n= 50; m=14; 

46	31	22	45	4	1	1	22	5	30	6	47	2	25	14	46	10	39	49	19	26	20	6	46	39	36	8	7	11	23	44	44	13	8	24	27	45	1	3	35	12	13	47	43	46	32	15	15	46	29
41	20	2	30	42	24	28	10	33	2	6	24	18	18	23	37	26	48	41	31	18	40	30	33	36	24	29	13	15	21	41	11	4	5	44	10	21	32	36	29	49	28	44	50	29	47	22	36	11	10
24	1	20	39	32	11	25	12	16	37	39	30	11	20	11	49	37	41	47	47	21	11	30	7	45	3	2	41	9	9	11	36	8	49	34	39	49	27	16	8	33	19	1	49	48	25	40	26	11	23
46	40	10	11	12	39	24	29	12	44	11	18	37	4	10	35	30	24	24	3	4	36	34	4	3	39	15	4	46	44	19	10	9	18	30	11	31	19	3	8	13	27	46	4	31	32	19	25	47	11
29	10	20	12	7	32	17	38	11	28	4	23	27	13	33	1	28	8	10	10	33	49	34	34	45	38	43	36	35	30	12	21	24	14	36	21	20	19	50	17	5	14	22	10	43	37	14	5	48	2
33	6	29	35	2	18	12	7	20	8	9	10	42	25	18	39	4	24	13	28	18	15	1	26	29	22	44	22	25	45	49	8	13	33	23	23	31	38	42	25	44	23	31	23	2	17	8	19	49	34
32	42	29	30	38	42	49	36	8	46	43	42	10	28	39	32	48	6	15	26	48	2	16	25	43	47	40	47	43	9	8	13	34	28	43	25	7	2	6	35	37	49	1	3	35	41	36	46	33	41
11	21	25	15	29	25	30	25	21	25	26	8	22	34	20	24	44	35	6	9	15	1	4	38	8	4	33	3	7	19	42	38	2	37	29	3	48	40	24	10	39	11	30	13	32	29	27	32	21	18
39	30	41	10	21	24	13	17	28	40	31	8	25	28	15	44	35	46	32	2	40	48	44	46	10	38	7	16	12	14	5	25	18	19	5	24	24	9	26	33	15	14	44	6	41	6	35	19	41	32
44	40	13	11	29	30	49	26	7	4	24	17	41	21	33	20	49	7	12	9	26	23	29	20	31	9	45	25	2	27	45	48	42	27	19	2	43	12	3	43	42	19	3	22	22	49	13	9	8	9
39	14	23	46	18	21	32	21	44	23	23	33	9	48	23	19	44	36	47	44	40	19	39	21	34	46	12	39	7	32	24	6	22	15	4	25	42	49	41	31	13	7	42	42	42	34	41	49	19	23
6	13	26	39	12	33	39	11	3	33	7	9	1	26	36	14	19	19	48	46	3	32	38	20	2	5	3	31	30	3	49	5	37	28	35	15	9	3	3	19	7	29	47	1	21	46	43	33	3	32
31	49	18	44	11	21	48	25	22	32	11	17	23	13	35	22	27	44	46	19	26	32	48	23	10	36	25	29	41	41	14	9	19	26	21	40	45	47	25	12	24	8	1	21	16	33	1	40	21	5
32	42	29	30	38	42	49	36	8	46	43	42	10	28	39	32	48	6	15	26	48	2	16	25	43	47	40	47	43	9	8	13	34	28	43	25	7	2	6	35	37	49	1	3	35	41	36	46	33	41



																		
																			
																			
																			
																			
															
																			
																			
																			
																			
																			
																			
																			
																			
																			
															
