n= 50; m=14; 

6	21	25	2	34	43	37	25	5	38	16	28	27	41	4	10	12	3	49	18	14	38	24	40	48	5	25	37	5	40	40	46	37	46	40	27	36	40	26	41	5	9	4	19	18	43	10	3	26	34
16	7	20	37	39	36	38	43	38	11	37	9	11	18	36	33	3	24	34	39	36	36	48	17	28	2	38	38	33	38	18	10	17	30	13	31	28	13	23	37	35	9	25	46	9	14	2	37	36	9
27	12	21	35	26	44	45	11	2	7	26	3	8	14	12	26	30	33	48	44	48	12	26	17	10	36	30	34	48	21	17	25	22	38	12	12	28	24	4	35	31	9	32	48	32	48	41	38	36	32
16	9	34	4	34	37	7	44	29	26	17	48	36	6	8	14	22	40	37	38	38	41	39	8	39	8	46	27	11	38	17	48	27	2	25	14	28	43	40	38	34	15	38	17	34	32	47	14	27	43
39	8	4	13	20	6	17	39	46	46	44	44	37	3	1	12	48	18	34	41	42	31	27	6	48	42	44	39	42	1	1	11	48	24	25	6	25	27	46	16	44	32	19	43	38	32	4	32	49	15
8	42	34	22	33	35	15	40	48	20	28	24	14	23	29	43	8	15	5	16	21	34	40	18	21	36	3	9	45	40	41	17	9	19	20	31	20	11	32	16	42	39	47	11	14	1	13	16	22	2
47	9	45	17	12	13	40	19	25	44	1	39	45	11	4	17	19	44	4	12	8	4	23	49	33	44	12	18	42	49	22	25	30	32	15	36	31	13	7	19	23	14	18	25	39	9	37	6	45	28
20	39	11	6	38	13	45	16	26	33	45	19	12	13	32	35	32	37	14	8	5	49	6	16	18	17	36	35	16	41	12	24	39	47	33	7	6	38	12	37	40	15	46	35	6	48	17	3	19	10
17	25	30	4	25	26	46	13	38	9	31	40	35	18	12	34	34	14	49	40	28	4	33	26	33	41	48	16	7	27	34	10	1	9	2	3	28	35	13	41	40	13	24	19	16	7	9	13	15	36
8	16	8	13	39	4	23	43	38	4	13	38	5	7	38	8	4	6	11	10	26	10	44	12	23	7	42	45	40	5	17	15	22	20	34	23	22	7	4	47	10	40	26	10	8	8	33	28	42	1
9	15	45	1	3	31	43	2	30	27	23	4	41	39	26	9	4	23	43	5	40	28	37	26	18	12	34	27	19	8	2	11	44	10	4	23	12	22	41	2	33	3	38	28	47	44	23	41	14	22
13	1	16	43	35	37	1	3	26	36	12	13	32	19	44	23	19	42	36	28	38	23	12	22	39	25	15	40	16	12	8	43	48	36	24	47	32	29	3	10	32	17	16	21	37	16	36	10	33	42
24	46	41	48	33	30	6	19	29	12	19	36	49	2	49	17	46	32	33	33	32	47	3	21	30	5	11	29	35	44	6	28	21	39	46	41	22	37	48	2	27	38	46	4	44	25	35	5	6	2
47	9	45	17	12	13	40	19	25	44	1	39	45	11	4	17	19	44	4	12	8	4	23	49	33	44	12	18	42	49	22	25	30	32	15	36	31	13	7	19	23	14	18	25	39	9	37	6	45	28
						





																		
																			
																			
																			
																			
															
																			
																			
																			
																			
																			
																			
																			
																			
																			
															
