n= 50; m=14; 

8	15	3	20	6	8	27	21	23	27	18	20	21	30	30	10	7	30	13	6	20	5	24	1	5	10	28	28	20	16	24	3	4	17	9	29	24	30	27	19	9	13	2	1	19	1	25	14	24	9
16	29	21	23	10	31	15	13	13	27	19	15	17	29	5	13	24	18	11	7	30	9	11	27	3	30	19	16	27	15	19	22	11	6	2	22	25	14	6	19	5	22	27	3	1	11	7	1	6	22
26	10	24	11	25	17	9	15	30	30	12	11	24	27	25	7	12	5	17	23	3	14	29	16	10	21	9	5	15	21	3	15	5	28	25	27	15	16	8	3	10	8	23	19	9	12	15	29	10	4
6	25	4	6	23	8	2	1	15	5	10	24	15	1	24	2	23	17	4	2	6	25	29	15	29	25	31	15	20	11	26	18	20	19	23	29	19	8	12	13	12	7	11	25	26	21	1	7	11	11
26	13	15	24	26	18	16	16	31	4	10	29	16	27	29	2	21	14	23	25	23	22	1	27	9	5	29	14	21	25	11	8	30	25	20	17	10	19	9	22	25	12	21	24	6	23	29	9	3	19
26	2	31	31	18	4	14	30	12	9	9	7	17	11	5	15	20	30	7	30	9	9	30	13	17	16	18	6	18	29	13	14	30	15	22	8	27	16	9	15	5	25	15	13	30	9	10	12	16	30
27	4	5	29	31	3	18	8	30	20	16	16	14	5	9	28	11	20	13	29	19	30	20	25	15	16	30	19	14	18	23	27	19	9	28	2	3	1	5	27	19	22	28	24	2	1	3	8	22	30
9	2	10	17	14	12	8	13	4	12	21	13	12	16	22	20	12	14	9	10	20	13	5	27	8	14	3	31	14	30	22	5	8	10	29	2	2	21	15	11	3	17	30	16	30	25	30	14	25	11
19	1	12	18	12	23	19	16	22	14	25	17	9	29	27	5	23	7	25	5	14	2	13	2	7	24	1	22	31	12	19	30	30	26	27	17	26	20	21	22	6	12	15	14	16	7	31	14	10	14
6	25	29	9	25	3	4	21	4	17	15	27	2	2	2	3	23	4	13	31	26	1	20	10	7	5	1	1	25	30	23	24	8	19	6	16	23	1	20	13	29	28	29	26	2	4	14	18	22	8
11	25	24	14	22	30	5	7	26	15	26	3	29	8	19	25	5	10	13	4	29	5	25	30	5	8	12	8	8	7	9	3	4	7	8	4	25	17	2	14	6	30	31	20	28	6	9	27	21	22
30	13	14	6	29	24	5	20	5	28	27	27	15	8	18	24	1	23	1	30	9	20	11	13	8	6	22	29	2	15	16	29	2	20	10	28	20	20	7	30	13	8	12	1	17	15	28	13	19	26
3	15	2	5	29	15	2	15	5	22	19	27	31	20	18	9	19	19	18	28	21	4	5	18	5	31	21	23	22	23	23	8	18	7	27	6	7	31	30	5	7	15	22	24	16	19	25	26	18	5
27	4	5	29	31	3	18	8	30	20	16	16	14	5	9	28	11	20	13	29	19	30	20	25	15	16	30	19	14	18	23	27	19	9	28	2	3	1	5	27	19	22	28	24	2	1	3	8	22	30

																		
																			
																			
															
																			
																			
																			
																			
																			
																			
																			
																			
																			
															
