n = 50; m = 10;

14	8	7	1	10	5	12	4	1	4	1	1	13	4	2	9	8	13	6	1	13	1	9	13	8	10	5	8	11	14	2	3	2	9	12	9	5	9	6	9	10	7	9	10	13	10	8	4	4	2
3	3	13	11	8	11	14	4	2	12	11	6	6	4	7	11	8	2	2	1	14	7	10	8	2	8	1	6	12	8	3	10	10	10	8	8	7	10	11	8	10	8	11	11	4	4	14	6	3	1
9	9	3	13	13	5	14	5	6	10	2	12	12	4	2	11	10	8	5	12	12	1	7	13	11	12	6	2	7	12	3	9	1	4	14	6	5	3	14	6	10	6	13	12	6	11	5	7	5	11
13	8	8	3	8	3	4	4	11	6	11	13	8	8	3	5	6	14	4	6	2	12	11	1	7	8	12	10	11	10	8	13	3	14	1	9	6	12	10	11	10	6	13	10	13	13	9	4	10	2
13	8	8	11	10	13	1	5	8	4	7	2	9	7	8	11	11	7	8	9	7	3	7	14	5	13	10	3	7	14	4	2	11	2	4	13	5	12	5	6	7	8	4	1	1	8	8	6	7	6
8	4	11	2	13	5	7	12	9	9	6	3	6	4	4	13	5	5	13	10	6	1	5	4	9	11	1	12	1	11	12	12	6	12	6	3	12	2	7	2	12	5	10	11	13	2	12	5	2	1
11	3	7	10	9	12	12	12	9	4	8	13	1	7	13	14	13	10	1	9	9	6	6	12	5	13	4	7	13	11	12	3	7	5	6	4	2	12	3	5	5	1	10	2	1	1	10	5	11	8
5	13	12	9	7	1	2	5	13	4	4	2	3	11	3	11	7	5	3	13	8	13	6	13	1	13	10	13	5	7	2	8	11	9	7	1	12	6	8	1	10	4	5	4	7	11	8	7	9	10
9	2	5	6	11	5	3	4	11	11	5	8	6	12	1	4	6	9	13	9	7	7	7	10	2	12	5	11	9	8	8	11	8	6	11	1	9	2	10	11	13	10	7	5	2	1	4	9	8	5
13	8	8	11	10	13	1	5	8	4	7	2	9	7	8	11	11	7	8	9	7	3	7	14	5	13	10	3	7	14	4	2	11	2	4	13	5	12	5	6	7	8	4	1	1	8	8	6	7	6
	


