n = 50; m = 10;

23	6	18	13	2	21	19	21	14	15	1	20	20	1	18	11	20	23	5	7	2	23	9	4	9	12	19	13	13	20	19	13	14	14	17	1	16	10	9	10	16	14	6	21	24	23	17	3	6	22
13	24	17	12	18	17	19	25	2	20	18	17	4	24	6	5	2	21	25	19	20	8	20	25	20	2	5	24	2	16	14	2	19	12	26	9	22	17	16	6	24	1	3	1	22	1	21	22	4	14
4	17	14	15	6	7	1	11	14	3	5	3	5	12	10	5	26	20	9	4	7	6	6	17	17	8	9	5	3	10	3	14	24	2	19	8	4	18	19	21	25	23	1	14	23	1	23	11	25	1
18	11	12	8	17	24	3	11	24	7	25	14	15	3	25	8	2	19	10	25	11	25	8	16	25	25	9	9	25	13	18	19	3	1	18	20	12	5	24	25	5	17	4	15	17	7	22	6	18	15
16	3	13	14	12	3	6	7	25	23	26	10	11	12	21	25	11	3	16	18	6	12	11	17	5	23	1	1	2	15	16	16	17	22	24	23	17	13	18	26	6	9	22	4	1	23	17	19	2	4
5	19	15	2	6	12	4	10	14	6	7	14	12	23	20	14	7	2	9	6	20	22	8	2	8	3	26	24	20	4	12	11	9	11	11	21	17	16	19	11	8	13	13	12	11	19	15	12	9	7
13	11	16	17	7	9	6	21	18	11	8	26	13	26	18	20	6	3	6	19	5	12	10	24	6	5	12	5	11	6	9	15	3	26	20	9	2	25	13	21	8	25	14	14	23	11	24	17	9	26
2	12	21	24	12	17	21	2	3	20	24	2	12	1	13	4	14	5	4	24	9	3	5	3	3	7	1	20	10	10	20	24	24	11	2	11	2	12	6	6	24	7	3	9	20	9	13	24	3	15
22	20	23	6	3	4	13	15	9	20	8	5	3	25	23	2	13	12	8	20	24	2	5	7	17	2	1	20	15	21	4	3	21	8	25	6	7	14	24	22	24	23	19	3	23	19	11	26	12	13
16	3	13	14	12	3	6	7	25	23	26	10	11	12	21	25	11	3	16	18	6	12	11	17	5	23	1	1	2	15	16	16	17	22	24	23	17	13	18	26	6	9	22	4	1	23	17	19	2	4
  	
