n = 50; m = 10;
							
37	53	62	56	28	49	77	70	80	55	46	7	13	32	52	13	5	50	29	41	55	53	54	2	30	13	48	13	79	63	15	62	48	50	55	36	58	6	11	69	16	31	37	79	48	34	67	53	34	73
17	13	75	32	1	15	6	70	2	63	69	40	5	53	59	77	2	40	56	57	25	48	25	39	16	55	30	2	25	47	59	69	72	44	16	27	79	17	58	57	15	53	20	47	17	61	75	43	65	78
41	67	65	53	65	47	8	49	26	35	25	59	18	33	10	38	37	77	46	27	15	76	67	5	27	57	62	73	59	76	12	11	79	69	45	27	43	34	25	78	74	27	70	41	72	25	31	29	17	26
53	24	65	58	63	49	71	21	2	33	2	9	54	54	2	51	35	27	5	41	9	50	45	69	23	53	45	17	63	33	37	45	29	68	69	74	47	62	59	40	9	56	41	70	52	34	15	50	39	78
57	62	26	21	74	10	29	21	5	62	9	40	1	2	22	1	63	49	19	55	40	58	2	17	8	52	42	46	77	36	8	76	55	57	25	56	3	53	34	43	79	37	69	74	34	25	41	15	27	53
70	15	73	60	61	65	41	41	61	32	23	75	23	25	69	39	63	67	34	37	62	10	33	17	34	77	12	52	47	36	21	49	14	51	25	39	29	49	9	27	64	59	13	14	22	48	14	45	63	45
33	79	17	17	66	43	66	53	2	34	30	15	6	47	69	23	7	75	74	14	56	21	75	2	19	30	4	65	61	3	79	78	17	11	50	18	55	51	77	54	5	3	62	53	17	35	45	53	63	27
73	47	67	56	54	2	44	22	15	71	25	61	29	70	52	51	54	27	43	24	23	65	49	17	19	45	45	61	64	11	36	7	74	58	57	13	64	45	57	17	54	61	37	35	66	79	33	50	72	39
31	10	8	10	78	47	42	21	50	73	25	5	58	11	36	51	78	25	2	22	20	54	38	72	67	59	57	18	71	8	13	45	76	70	77	39	45	41	39	12	59	42	19	45	26	25	34	44	12	41
57	62	26	21	74	10	29	21	5	62	9	40	1	2	22	1	63	49	19	55	40	58	2	17	8	52	42	46	77	36	8	76	55	57	25	56	3	53	34	43	79	37	69	74	34	25	41	15	27	53
						