
n- 20; m=14;




47	40	15	8	20	6	10	5	10	44	37	27	31	16	45	14	10	37	47	19
40	3	31	1	33	27	16	13	41	21	8	7	42	5	6	42	9	19	18	24
33	6	21	38	16	15	42	25	20	33	31	9	36	18	47	11	26	15	4	46
44	44	19	31	6	10	7	34	2	43	24	25	1	19	41	15	4	30	29	41
23	36	25	40	8	17	8	29	46	32	35	12	42	3	2	41	40	43	21	40
39	33	28	47	13	10	30	31	31	23	4	23	13	10	42	6	11	36	16	25
33	6	21	28	11	34	16	25	16	17	26	14	5	17	45	37	45	10	33	18
25	22	8	47	26	13	46	19	39	15	14	27	35	39	22	18	15	43	3	36
6	39	29	4	7	21	34	36	2	41	25	21	5	44	26	43	22	1	44	3
7	22	37	28	3	16	2	31	32	7	37	31	43	23	25	32	41	39	13	18
34	38	1	45	29	13	40	1	33	12	24	39	27	5	2	7	42	32	22	36
31	11	29	8	19	23	17	10	17	24	6	28	14	16	41	16	41	14	41	12
16	33	32	39	4	38	31	46	13	17	23	46	25	31	20	7	31	13	14	7
33	6	21	38	16	15	42	25	20	33	31	9	36	18	47	11	26	15	4	46																


