

n=20;

m=12;
 			

27	22	15	2	4	26	33	47	17	40	42	27	42	15	21	49	25	52	22	23
59	21	36	4	50	27	39	29	12	27	26	53	59	35	64	23	20	40	53	31
41	21	8	51	64	56	57	63	62	63	19	60	53	15	12	2	53	45	33	42
44	25	9	55	1	26	24	13	54	58	49	58	36	11	4	49	40	22	26	46
62	49	51	41	54	19	36	62	45	36	42	53	52	42	37	47	58	62	14	47
23	13	50	38	38	35	55	40	44	16	11	18	60	61	6	47	14	35	63	47
34	2	56	2	39	24	40	44	29	7	15	48	60	60	38	4	63	50	50	8
62	45	13	48	44	59	7	8	60	9	22	9	8	18	21	62	55	6	12	18
29	52	20	17	20	57	20	18	56	26	54	24	29	2	63	18	53	33	53	12
44	57	54	9	64	26	20	54	3	37	17	19	54	46	49	27	53	9	44	20
38	13	12	56	7	59	27	61	41	20	29	36	31	20	38	45	6	44	18	60
62	49	51	41	54	19	36	62	45	36	42	53	52	42	37	47	58	62	14	47
																				
 

																					
																						
 

 
