

n=20;

m=12;


52	12	2	29	43	40	9	15	22	44	29	36	27	50	8	49	39	1	13	17	
36	23	5	9	45	9	36	24	6	21	49	24	54	13	20	19	16	38	47	15	
13	24	44	32	46	17	4	18	11	30	50	48	53	30	49	37	18	23	5	5	
22	40	48	39	29	45	39	37	54	18	52	20	4	16	29	37	49	51	42	10	
51	12	33	32	22	16	43	11	45	52	12	11	15	2	33	15	44	46	53	40	
24	33	12	31	1	25	36	31	34	19	45	46	53	31	15	46	36	25	15	37	
27	39	31	8	13	49	20	50	36	17	14	51	39	26	26	11	26	29	7	7	
15	5	33	51	27	25	2	53	37	36	39	42	24	12	27	4	35	28	34	40	
44	52	18	45	48	10	17	30	33	19	35	3	18	42	35	13	17	1	29	36	
11	37	6	45	17	32	44	39	49	8	23	6	46	18	22	11	13	15	33	53	
14	1	42	21	38	33	51	28	39	31	35	18	31	43	29	42	35	6	14	35	
51	12	33	32	22	16	43	11	45	52	12	11	15	2	33	15	44	46	53	40	
	 



 
