

n=20;

m=12;

53	11	20	48	28	31	48	49	8	20	30	17	32	52	37	34	22	12	33	28	
19	51	45	15	38	28	53	44	47	35	28	36	61	48	29	12	21	50	17	48	
1	17	36	43	29	16	32	6	13	48	25	5	21	21	19	30	28	36	8	12	
11	46	51	37	5	9	40	22	15	32	8	20	23	2	53	2	42	1	18	32	
42	5	23	23	35	43	33	47	32	 9	29	 3	30	6	10	32	37	11	13	17	
2	52	5	54	19	44	11	17	45	50	20	53	35	40	31	3	18	5	12	36	
42	5	23	23	35	43	33	47	32	29	29	53	30	6	10	32	37	11	13	17	
43	40	15	25	35	31	5	11	13	50	16	23	7	52	54	19	42	4	16	25	
46	12	15	17	48	2	35	6	18	5	18	52	47	49	48	17	10	39	1	35	
8	1	26	40	54	25	26	43	12	52	46	14	32	32	18	10	7	15	39	28	
29	10	6	30	37	15	28	36	24	17	20	24	37	9	43	54	39	33	46	39	
42	5	23	23	35	43	33	47	32	 9	29	 3	30	6	10	32	37	11	13	17	
 
																			
								



 
