

n=20;

m=12;
 			


45	15	36	8	44	20	60	33	35	40	17	29	42	31	44	42	6	59	22	45
15	38	8	41	8	11	43	57	3	14	50	62	17	22	27	2	62	56	6	30
45	13	21	42	56	24	36	2	54	35	60	34	37	24	33	62	64	53	43	30
20	14	56	10	25	40	39	29	54	1	6	44	42	13	4	34	3	13	53	19
9	39	42	46	49	22	2	47	47	60	35	4	37	59	31	6	56	56	57	26
35	27	22	14	54	51	29	11	6	43	47	35	26	59	35	4	24	48	11	4
39	26	33	10	11	25	56	57	2	52	50	34	29	35	36	62	2	2	32	9
36	33	33	16	62	30	41	62	58	35	32	42	34	53	63	54	8	22	48	46
23	13	29	14	14	27	61	59	5	22	22	62	13	56	3	15	45	26	47	58
51	30	8	25	51	6	62	40	19	33	56	2	44	24	36	20	6	22	49	59
27	23	22	52	4	18	37	18	14	5	58	35	47	29	29	60	12	32	9	46
9	39	42	46	49	22	2	47	47	60	35	4	37	59	31	6	56	56	57	26
 
 
		
																						
																
																					
																						
 

																					
																						
 

 
