

n=20;

m=12;


26	20	6	46	39	36	8	7	11	23	44	44	13	8	24	27	45	1	3	35	
18	40	30	33	36	24	29	13	15	21	41	11	4	5	44	10	21	32	36	29	
21	11	30	7	45	3	2	41	9	9	11	36	8	49	34	39	49	27	16	8	
4	36	34	4	3	39	15	4	46	44	19	10	9	18	30	11	31	19	3	8	
33	49	34	34	45	38	43	36	35	30	12	21	24	14	36	21	20	19	50	17	
18	15	1	26	29	22	44	22	25	45	49	8	13	33	23	23	31	38	42	25	
48	2	16	25	43	47	40	47	43	9	8	13	34	28	43	25	7	2	6	35	
15	1	4	38	8	4	33	3	7	19	42	38	2	37	29	3	48	40	24	10	
40	48	44	46	10	38	7	16	12	14	5	25	18	19	5	24	24	9	26	33	
26	23	29	20	31	9	45	25	2	27	45	48	42	27	19	2	43	12	3	43	
40	19	39	21	34	46	12	39	7	32	24	6	22	15	4	25	42	49	41	31	
33	49	34	34	45	38	43	36	35	30	12	21	24	14	36	21	20	19	50	17	
						




