n= 50; m=6; 


7	10	14	15	26	17	4	9	21	7	9	20	6	2	9	8	11	19	8	24	10	18	17	17	16	3	10	25	15	12	13	5	16	10	14	7	20	25	10	19	10	26	7	23	24	2	20	5	6	23
20	12	17	1	13	11	22	26	17	20	21	9	7	19	18	25	13	6	11	19	15	5	21	19	2	13	10	14	18	14	6	22	17	13	1	24	8	7	21	12	4	20	24	3	11	9	17	26	21	17
22	21	13	4	9	14	2	18	3	11	7	12	18	9	23	7	2	5	19	20	7	25	2	1	4	26	15	19	25	11	25	13	5	17	2	4	17	3	16	15	19	16	17	3	8	10	11	13	25	13
12	22	2	7	2	7	5	13	23	22	25	16	26	20	22	26	16	17	7	3	10	11	1	18	17	25	13	24	2	19	18	11	12	8	6	9	26	19	1	3	1	23	16	19	5	6	20	17	14	23
2	9	13	20	25	5	14	2	1	10	12	13	21	3	1	19	18	14	5	4	4	10	6	8	10	17	22	9	20	15	19	23	21	4	13	12	19	13	12	7	20	11	18	12	14	25	12	21	22	4
22	21	13	4	9	14	2	18	3	11	7	12	18	9	23	7	2	5	19	20	7	25	2	1	4	26	15	19	25	11	25	13	5	17	2	4	17	3	16	15	19	16	17	3	8	10	11	13	25	13
																			
																			
																			
																			
																			
																			
																			
															
																			
																			
																			
																			
																			
																			
																			
																			
																			
															
