n= 50; m=6; 

23	6	18	13	2	21	19	21	14	15	1	20	20	1	18	11	20	23	5	7	2	23	9	4	9	12	19	13	13	20	19	13	14	14	17	1	16	10	9	10	16	14	6	21	24	23	17	3	6	22
13	24	17	12	18	17	19	25	2	20	18	17	4	24	6	5	2	21	25	19	20	8	20	25	20	2	5	24	2	16	14	2	19	12	26	9	22	17	16	6	24	1	3	1	22	1	21	22	4	14
4	17	14	15	6	7	1	11	14	3	5	3	5	12	10	5	26	20	9	4	7	6	6	17	17	8	9	5	3	10	3	14	24	2	19	8	4	18	19	21	25	23	1	14	23	1	23	11	25	1
18	11	12	8	17	24	3	11	24	7	25	14	15	3	25	8	2	19	10	25	11	25	8	16	25	25	9	9	25	13	18	19	3	1	18	20	12	5	24	25	5	17	4	15	17	7	22	6	18	15
16	3	13	14	12	3	6	7	25	23	26	10	11	12	21	25	11	3	16	18	6	12	11	17	5	23	1	1	2	15	16	16	17	22	24	23	17	13	18	26	6	9	22	4	1	23	17	19	2	4
4	17	14	15	6	7	1	11	14	3	5	3	5	12	10	5	26	20	9	4	7	6	6	17	17	8	9	5	3	10	3	14	24	2	19	8	4	18	19	21	25	23	1	14	23	1	23	11	25	1

																			
																			
																			
																			
																			
																			
															
																			
																			
																			
																			
																			
																			
																			
																			
																			
															
