n= 50; m=6; 

12	68	2	54	5	7	61	46	62	8	30	18	46	57	10	23	6	21	6	22	57	16	67	55	62	6	10	18	16	50	21	8	43	49	7	28	7	62	5	20	51	59	12	34	8	22	13	10	34	23
61	55	53	36	45	67	14	23	31	49	39	38	8	21	48	53	27	52	56	38	55	55	38	28	45	65	57	57	61	61	22	55	24	13	54	51	32	35	64	60	51	16	5	44	3	62	14	11	19	19
62	29	40	1	62	66	60	67	39	46	2	59	41	30	9	68	11	19	26	30	22	22	10	29	67	8	6	68	7	50	28	59	38	59	62	64	32	3	57	32	21	45	11	21	56	56	26	9	52	55
41	1	52	22	66	27	16	44	24	65	33	5	12	50	15	48	40	26	23	46	64	10	14	25	45	28	23	26	58	26	34	8	57	1	26	3	13	23	57	39	37	20	61	34	25	55	43	3	22	9
59	36	11	69	23	50	60	65	43	15	16	31	42	49	14	40	66	20	27	13	14	35	14	17	30	32	37	53	9	38	41	67	39	55	36	16	18	48	48	34	66	21	25	42	39	25	13	32	40	44
62	29	40	1	62	66	60	67	39	46	2	59	41	30	9	68	11	19	26	30	22	22	10	29	67	8	6	68	7	50	28	59	38	59	62	64	32	3	57	32	21	45	11	21	56	56	26	9	52	55

																			
																			
																			
																			
																			
																			
																			
																			
																			
															
																			
																			
																			
																			
																			
																			
																			
																			
																			
															
