n= 50; m=6; 
							
65	21	60	72	4	85	47	80	71	26	73	36	38	13	66	82	2	76	29	90	36	32	84	78	94	45	14	72	3	18	58	87	30	73	71	5	77	60	6	61	23	29	2	67	69	38	37	80	51	34
89	41	16	7	84	53	56	71	40	17	33	3	51	76	2	63	84	55	3	82	46	58	24	57	59	86	39	55	69	36	98	82	44	70	67	74	61	38	87	35	37	98	26	49	12	52	49	92	43	75
83	3	99	87	60	92	75	53	30	59	95	85	63	21	78	72	87	52	39	93	22	82	21	65	81	59	73	74	33	53	47	69	11	31	69	67	3	21	29	28	45	2	53	36	5	79	76	32	87	4
3	1	58	85	33	71	58	56	64	43	48	69	96	35	82	53	64	11	61	36	53	87	88	10	32	38	25	24	90	7	11	49	2	76	17	32	39	9	83	69	67	28	88	23	91	71	3	26	41	96
65	21	60	72	4	85	47	80	71	26	73	36	38	13	66	82	2	76	29	90	36	32	84	78	94	45	14	72	3	18	58	87	30	73	71	5	77	60	6	61	23	29	2	67	69	38	37	80	51	34
83	3	99	87	60	92	75	53	30	59	95	85	63	21	78	72	87	52	39	93	22	82	21	65	81	59	73	74	33	53	47	69	11	31	69	67	3	21	29	28	45	2	53	36	5	79	76	32	87	4
																						

																			
															
																			
																			
																			
																			
																			
																			
																			
																			
																			
															
