n= 50; m=6; 


55	50	28	25	74	29	52	31	72	24	58	42	9	67	64	59	58	35	41	6	46	70	61	3	53	74	14	25	73	51	23	65	8	27	44	15	70	42	12	27	22	32	55	61	35	16	63	38	39	34
69	39	58	20	44	64	71	12	16	19	49	3	32	43	6	3	64	53	71	55	69	19	20	29	66	14	18	6	55	21	50	54	33	57	58	7	7	73	25	36	72	54	52	41	33	61	28	48	21	8
21	13	16	37	18	46	54	9	4	17	35	46	11	26	53	18	32	9	43	33	21	10	21	47	53	3	2	41	58	18	61	14	47	44	10	53	2	40	63	8	52	67	33	55	10	59	3	12	64	73
48	8	6	32	26	57	41	58	9	37	17	38	51	5	74	25	25	19	51	67	34	41	73	9	20	54	64	17	52	3	50	25	12	43	23	12	37	15	73	44	9	44	63	70	40	51	39	38	8	29
41	69	14	15	18	42	55	25	58	13	27	51	35	9	59	24	33	12	36	37	44	38	41	61	61	15	9	60	35	43	34	14	55	65	39	41	55	35	25	41	71	39	37	74	52	35	51	16	32	1
21	13	16	37	18	46	54	9	4	17	35	46	11	26	53	18	32	9	43	33	21	10	21	47	53	3	2	41	58	18	61	14	47	44	10	53	2	40	63	8	52	67	33	55	10	59	3	12	64	73

																		
																			
																			
																			
																			
															
																			
																			
																			
																			
																			
																			
																			
																			
																			
															
