n= 50; m=6; 
46	52	79	45	97	10	44	24	85	75	66	49	95	61	19	47	84	13	11	19	98	2	85	44	7	73	19	69	12	73	85	23	53	16	88	8	26	42	58	63	7	2	44	38	24	76	85	61	32	90
61	87	51	25	73	93	28	90	94	59	64	2	16	35	53	40	81	26	85	4	4	10	63	96	55	71	66	94	7	15	11	99	37	50	56	69	22	56	67	63	96	74	4	42	40	30	93	36	25	87
83	3	99	87	60	92	75	53	30	59	95	85	63	21	78	72	87	52	39	93	22	82	21	65	81	59	73	74	33	53	47	69	11	31	69	67	3	21	29	28	45	2	53	36	5	79	76	32	87	4
3	1	58	85	33	71	58	56	64	43	48	69	96	35	82	53	64	11	61	36	53	87	88	10	32	38	25	24	90	7	11	49	2	76	17	32	39	9	83	69	67	28	88	23	91	71	3	26	41	96
65	21	60	72	4	85	47	80	71	26	73	36	38	13	66	82	2	76	29	90	36	32	84	78	94	45	14	72	3	18	58	87	30	73	71	5	77	60	6	61	23	29	2	67	69	38	37	80	51	34
83	3	99	87	60	92	75	53	30	59	95	85	63	21	78	72	87	52	39	93	22	82	21	65	81	59	73	74	33	53	47	69	11	31	69	67	3	21	29	28	45	2	53	36	5	79	76	32	87	4
																																																

																			
																			
																			
															
																			
																			
																			
																			
																			
																			
																			
																			
																			
															
