n= 50; m=6; 

 
11	18	3	18	19	14	25	25	1	23	7	10	6	10	6	14	18	16	7	22	3	2	10	4	10	25	14	2	18	1	8	2	6	19	7	10	25	5	19	8	9	25	8	24	9	4	21	11	12	9
5	22	6	4	19	23	2	9	5	18	12	19	13	19	16	18	12	3	21	8	16	7	14	15	5	5	7	8	12	10	3	24	1	21	10	8	21	23	5	24	4	9	6	14	15	13	7	2	16	11
22	19	6	4	20	12	7	15	1	5	7	13	12	11	25	17	11	10	7	17	26	1	11	2	8	8	20	14	18	16	21	13	24	10	12	19	13	17	4	4	8	25	24	4	8	6	5	24	5	5
21	9	6	23	23	23	3	22	12	15	22	10	1	11	12	13	12	20	24	11	9	8	18	5	17	4	1	17	14	6	6	21	4	13	9	12	15	20	7	4	13	1	5	6	13	11	6	9	14	5
12	21	21	25	24	7	16	21	21	6	12	5	1	25	5	9	13	12	12	15	6	16	17	6	16	19	4	12	17	3	18	3	1	8	12	20	15	11	23	19	3	16	9	16	12	7	2	2	13	4
22	19	6	4	20	12	7	15	1	5	7	13	12	11	25	17	11	10	7	17	26	1	11	2	8	8	20	14	18	16	21	13	24	10	12	19	13	17	4	4	8	25	24	4	8	6	5	24	5	5

																			
																			
																			
																			
																			
																			
																			
															
																			
																			
																			
																			
																			
																			
																			
																			
																			
															
